0.000964385 4.17593e-07 4.24802e-07 4.15674e-07 4.19689e-07 4.21875e-07 4.27207e-07 4.27604e-07 4.26298e-07 4.18365e-07 4.15219e-07 4.21421e-07
0.0010559 5.96978e-07 6.07007e-07 5.94272e-07 6.00449e-07 6.02861e-07 6.09827e-07 6.0987e-07 6.07153e-07 5.95885e-07 5.90603e-07 6.01473e-07
0.00115609 8.52965e-07 8.66895e-07 8.49091e-07 8.58246e-07 8.60479e-07 8.70071e-07 8.68747e-07 8.63547e-07 8.47829e-07 8.39018e-07 8.57661e-07
0.00126579 1.21771e-06 1.23697e-06 1.21235e-06 1.22546e-06 1.22637e-06 1.24039e-06 1.2354e-06 1.22626e-06 1.20506e-06 1.1902e-06 1.22157e-06
0.00138589 1.73644e-06 1.7635e-06 1.73014e-06 1.74778e-06 1.74494e-06 1.76602e-06 1.75267e-06 1.73841e-06 1.71121e-06 1.68559e-06 1.73759e-06
0.00151741 2.4747e-06 2.51107e-06 2.46719e-06 2.48863e-06 2.4798e-06 2.51032e-06 2.48131e-06 2.46134e-06 2.42829e-06 2.38521e-06 2.46866e-06
0.00166139 3.5244e-06 3.57534e-06 3.51519e-06 3.53942e-06 3.52059e-06 3.56207e-06 3.51678e-06 3.48392e-06 3.44291e-06 3.36924e-06 3.50475e-06
0.00181903 5.01467e-06 5.08379e-06 4.9998e-06 5.02735e-06 4.99508e-06 5.04703e-06 4.9794e-06 4.92909e-06 4.87351e-06 4.74593e-06 4.96912e-06
0.00199165 7.12549e-06 7.21888e-06 7.09802e-06 7.13315e-06 7.08118e-06 7.13536e-06 7.03884e-06 6.96237e-06 6.88242e-06 6.65969e-06 7.03269e-06
0.00218063 1.01094e-05 1.02341e-05 1.00568e-05 1.01068e-05 1.00268e-05 1.00655e-05 9.93286e-06 9.81256e-06 9.69299e-06 9.30747e-06 9.93285e-06
0.00238754 1.43157e-05 1.44779e-05 1.42155e-05 1.4292e-05 1.41682e-05 1.41669e-05 1.39883e-05 1.37957e-05 1.36072e-05 1.29563e-05 1.39951e-05
0.00261409 2.02325e-05 2.04388e-05 2.00519e-05 2.01688e-05 1.99744e-05 1.9903e-05 1.96577e-05 1.93515e-05 1.9032e-05 1.79639e-05 1.96711e-05
0.00286216 2.85262e-05 2.87803e-05 2.82222e-05 2.83919e-05 2.80856e-05 2.78899e-05 2.75519e-05 2.70336e-05 2.64963e-05 2.47978e-05 2.75655e-05
0.00313373 4.01178e-05 4.042e-05 3.96276e-05 3.98711e-05 3.93799e-05 3.89662e-05 3.84585e-05 3.75873e-05 3.67356e-05 3.4093e-05 3.8503e-05
0.00343111 5.62591e-05 5.66114e-05 5.54865e-05 5.5821e-05 5.50067e-05 5.4254e-05 5.34147e-05 5.20457e-05 5.07027e-05 4.66687e-05 5.35856e-05
0.00375668 7.86539e-05 7.90498e-05 7.74278e-05 7.78295e-05 7.64702e-05 7.52273e-05 7.3859e-05 7.17537e-05 6.95903e-05 6.35597e-05 7.42675e-05
0.00411313 0.000109606 0.00011001 0.000107641 0.000108007 0.000105841 0.000103796 0.0001017 9.846e-05 9.50878e-05 8.61393e-05 0.000102498
0.00450341 0.000152212 0.000152506 0.000149006 0.000149212 0.000145834 0.000142518 0.000139352 0.000134596 0.000129321 0.000116056 0.000140836
0.00493077 0.000210614 0.000210474 0.000205277 0.000205077 0.00019988 0.000194748 0.00018992 0.000182907 0.000174991 0.000155313 0.000192537
0.00539863 0.000290274 0.000289043 0.000281493 0.000280374 0.000272663 0.000264503 0.000257215 0.000247094 0.000235329 0.000206288 0.000261783
0.00591088 0.000398344 0.00039488 0.000384168 0.000381221 0.00036985 0.000357224 0.000346587 0.000331384 0.000314363 0.000271843 0.000353913
0.00647181 0.000544098 0.000536627 0.000521306 0.000515039 0.000498719 0.000479515 0.000463941 0.000441501 0.000416183 0.0003549 0.000475406
0.00708589 0.00073941 0.000725173 0.000703237 0.000691927 0.000668074 0.000639602 0.000616469 0.000583403 0.000546381 0.000459056 0.000634358
0.00775824 0.000999286 0.00097395 0.000942805 0.000923589 0.00088883 0.000846726 0.000813204 0.000764394 0.000710456 0.000587645 0.000840347
0.00849438 0.00134236 0.00129967 0.00125514 0.00122387 0.00117282 0.00111191 0.00106262 0.000992034 0.000915053 0.000744169 0.00110434
0.00930047 0.00179131 0.00172217 0.001657 0.00160896 0.0015342 0.00144617 0.00137568 0.00127464 0.00116636 0.000932131 0.00143879
0.010183 0.00237325 0.00226382 0.00216942 0.00209504 0.00198716 0.00186259 0.00176209 0.00162039 0.00146948 0.00115322 0.00185678
0.0111492 0.00311932 0.00295024 0.00281294 0.00270198 0.00254812 0.00237406 0.00223193 0.00203563 0.00182804 0.00140783 0.00237194
0.0122071 0.00406373 0.00380795 0.00360953 0.00344794 0.00323011 0.00299055 0.00279103 0.0025241 0.00224487 0.00169309 0.00299616
0.0133655 0.0052422 0.00486269 0.00458135 0.00434933 0.00404472 0.00371769 0.00344552 0.00308619 0.0027166 0.00200537 0.00373928
0.0146337 0.00668922 0.00613806 0.00574051 0.00541388 0.00499484 0.00455594 0.00419093 0.00371856 0.00323645 0.00233458 0.00460464
0.0160224 0.00843405 0.00764862 0.00709292 0.00664409 0.00607824 0.00549914 0.00502053 0.00440856 0.00378986 0.00267006 0.00558952
0.0175427 0.0104951 0.00939508 0.00863446 0.00802675 0.00727478 0.00652793 0.00591303 0.00513436 0.00435641 0.00299423 0.00667896
0.0192072 0.0128776 0.0113664 0.0103383 0.00953635 0.00856056 0.00761439 0.00683453 0.00586767 0.00491199 0.00329023 0.00784866
0.0210299 0.0155664 0.0135291 0.0121696 0.0111318 0.00989143 0.00871897 0.00774916 0.0065733 0.00542253 0.00353882 0.00906238
0.0230253 0.0185367 0.0158381 0.0140735 0.0127643 0.0112186 0.00979725 0.00861638 0.00722021 0.0058674 0.00373032 0.0102816
0.0252101 0.0217479 0.018242 0.015997 0.014378 0.0124909 0.010801 0.0093985 0.00777624 0.00621798 0.00384427 0.0114618
0.0276022 0.0251766 0.0206924 0.0178985 0.0159314 0.0136692 0.0116936 0.0100618 0.00821136 0.00646631 0.00388496 0.0125719
0.0302216 0.0288438 0.0231861 0.0197656 0.0174126 0.0147516 0.0124789 0.0106113 0.00854557 0.00661818 0.00386113 0.0136133
0.0330891 0.0328478 0.0257845 0.021654 0.0188567 0.015772 0.0131862 0.0110728 0.0087981 0.006698 0.0037948 0.014621
0.0362288 0.0374592 0.0286665 0.0237087 0.020372 0.0168326 0.0139023 0.0115136 0.00902575 0.00675302 0.00371487 0.0156911
0.0396664 0.043076 0.0320918 0.0261041 0.0220772 0.0180478 0.0147174 0.0120226 0.00929273 0.00682814 0.00364759 0.0169409
0.0434306 0.050115 0.0362642 0.0289802 0.0240801 0.0194816 0.0156977 0.0126519 0.00962796 0.00694178 0.00360576 0.0184564
0.0475516 0.0588336 0.0412616 0.032325 0.0263903 0.0211196 0.0168157 0.0133734 0.0100133 0.00708521 0.00356957 0.0202367
0.0520636 0.0690489 0.0468637 0.0359352 0.0288436 0.0227733 0.0179135 0.0140546 0.0103634 0.00719531 0.00350954 0.0221361
0.0570042 0.0797116 0.0522865 0.0391957 0.0309878 0.0240535 0.0186709 0.0144585 0.0104992 0.00718433 0.00339786 0.0237931
0.0624131 0.0888353 0.0562394 0.0411487 0.0321415 0.0244605 0.0187158 0.0143117 0.0102442 0.00691316 0.00318181 0.0246784
0.0683352 0.0944223 0.0577087 0.0412041 0.0318204 0.0237532 0.0179062 0.0134996 0.00955015 0.00634953 0.00285022 0.0244546
0.07482 0.096495 0.0570003 0.0397742 0.0302002 0.0222591 0.0165442 0.0122617 0.00856621 0.00559045 0.00245274 0.0233478
0.0819194 0.0981677 0.0559838 0.0382258 0.0283195 0.0207542 0.0152296 0.0110837 0.00762591 0.00486948 0.00208864 0.0221797
0.0896923 0.104126 0.0569157 0.0380368 0.0273655 0.0199945 0.0144879 0.010394 0.0070064 0.00437592 0.00183272 0.0218476
0.0982029 0.116423 0.0604809 0.0395004 0.0277148 0.020065 0.0143291 0.0101862 0.00672287 0.00412772 0.00168664 0.0225586
0.107522 0.129318 0.0639142 0.0407822 0.0281129 0.0199275 0.0140522 0.00983823 0.00640665 0.00390378 0.00154035 0.0231861
0.117724 0.133176 0.0632751 0.0394219 0.0267966 0.0184975 0.0128756 0.00881532 0.00569756 0.00345178 0.0013163 0.0222787
0.128895 0.130477 0.0596897 0.0362494 0.024214 0.0164558 0.0112607 0.0075654 0.0048156 0.00287679 0.00107336 0.0204118
0.141126 0.133041 0.0578617 0.0342299 0.022387 0.0151119 0.0101677 0.00679327 0.00420955 0.00244462 0.000892227 0.0193296
0.154517 0.143209 0.0583584 0.0339365 0.0215329 0.0143936 0.00961082 0.00632616 0.00383486 0.00219353 0.000775103 0.0191853
0.169179 0.147398 0.0572032 0.0327016 0.0201575 0.0132266 0.00876707 0.00555427 0.00339945 0.00191742 0.00065351 0.0184073
0.185231 0.144135 0.053717 0.0297677 0.0180645 0.0115889 0.00748795 0.00472303 0.00284684 0.00156197 0.000524866 0.0168235
0.202809 0.149693 0.0521759 0.0280863 0.016821 0.0106412 0.00670839 0.00426179 0.0024624 0.00131746 0.000436588 0.016123
0.222053 0.152537 0.0500593 0.0264659 0.0153654 0.00963221 0.00604899 0.00366192 0.00214475 0.0011231 0.000359819 0.0152811
0.243122 0.150562 0.0469201 0.02411 0.0137162 0.00834581 0.00515776 0.00308771 0.00178631 0.0009164 0.000289397 0.0140496
0.266194 0.154536 0.0451252 0.0224164 0.0125891 0.00749971 0.00452071 0.00270777 0.00151006 0.000772002 0.000240533 0.0133515
0.291452 0.152818 0.0418289 0.0201791 0.0110359 0.00649631 0.00387702 0.00223531 0.00127312 0.000632538 0.000192755 0.0122635
0.319107 0.153861 0.0396778 0.0187116 0.00996039 0.0057266 0.00334143 0.00192578 0.00107193 0.000529599 0.000160673 0.0115311
0.349385 0.152705 0.0368806 0.0166902 0.00878674 0.00494739 0.00285516 0.00161883 0.000895299 0.000436379 0.000131264 0.0106507
0.38254 0.15205 0.034473 0.0151583 0.00778927 0.00429301 0.00245093 0.00137366 0.000749012 0.000364281 0.000109385 0.00991986
0.418839 0.151096 0.0318193 0.0135858 0.0068204 0.00369462 0.00209218 0.0011547 0.000624534 0.000304817 9.07242e-05 0.00919132
0.458582 0.14929 0.0293361 0.0121245 0.00598172 0.00317898 0.00176938 0.0009657 0.000521824 0.00025311 7.56383e-05 0.00850238
0.502097 0.147417 0.0269381 0.0108025 0.00519574 0.00272672 0.00149198 0.000812184 0.000436381 0.000211853 6.32487e-05 0.00786477
0.54974 0.145223 0.0246735 0.00957574 0.00453378 0.00233022 0.00126124 0.000686943 0.000365458 0.000178422 5.32868e-05 0.00727812
0.601904 0.14301 0.0224881 0.00847686 0.00393358 0.00199679 0.00107454 0.000580937 0.000307349 0.000149751 4.48206e-05 0.00673955
0.659019 0.140626 0.020464 0.0074981 0.00341251 0.00171338 0.000915713 0.000490802 0.000259425 0.000126711 3.80676e-05 0.00624737
0.721552 0.138051 0.0185282 0.0065947 0.00295107 0.00146968 0.000778809 0.000415738 0.000218896 0.000107281 3.2179e-05 0.00578604
0.790019 0.13536 0.0167552 0.00576651 0.00255309 0.00125764 0.000662557 0.000350834 0.000184984 9.06087e-05 2.73006e-05 0.00535969
0.864984 0.132576 0.0150384 0.00502569 0.00220143 0.00107213 0.000561226 0.000295395 0.000156553 7.61647e-05 2.3019e-05 0.00495912
0.947061 0.129694 0.0134333 0.00435504 0.00188604 0.000908384 0.000472269 0.000247492 0.000131201 6.3882e-05 1.94065e-05 0.00458206
1.03693 0.126434 0.0119073 0.00373503 0.00160337 0.000763036 0.000393946 0.000205433 0.000109219 5.30827e-05 1.63332e-05 0.00421765
